month_nu	day_nu	p50_va	jday
1	1	3	1
1	2	3.3	2
1	3	3.2	3
1	4	3.2	4
1	5	2.9	5
1	6	3.3	6
1	7	4	7
1	8	3.4	8
1	9	3.6	9
1	10	4.7	10
1	11	3.9	11
1	12	3.2	12
1	13	3.5	13
1	14	4.2	14
1	15	3.4	15
1	16	3.1	16
1	17	3.2	17
1	18	3.1	18
1	19	2.8	19
1	20	3.2	20
1	21	2.9	21
1	22	2.6	22
1	23	3.2	23
1	24	3.7	24
1	25	3.7	25
1	26	3.8	26
1	27	3.5	27
1	28	4	28
1	29	3.3	29
1	30	3.5	30
1	31	2.9	31
2	1	3	32
2	2	3.5	33
2	3	3.7	34
2	4	4.2	35
2	5	4	36
2	6	3.7	37
2	7	3.5	38
2	8	3.6	39
2	9	3.3	40
2	10	2.7	41
2	11	2.3	42
2	12	2.8	43
2	13	3.2	44
2	14	3	45
2	15	2.5	46
2	16	2	47
2	17	0.6	48
2	18	0.2	49
2	19	0.4	50
2	20	0.5	51
2	21	0.9	52
2	22	2	53
2	23	3.7	54
2	24	3.7	55
2	25	2.7	56
2	26	2.8	57
2	27	3.5	58
2	28	4.7	59
3	1	4.8	60
3	2	5.7	61
3	3	5.4	62
3	4	4.8	63
3	5	4.8	64
3	6	4.8	65
3	7	5.5	66
3	8	5.2	67
3	9	4.2	68
3	10	3.8	69
3	11	4	70
3	12	4.9	71
3	13	5.8	72
3	14	6.1	73
3	15	6.1	74
3	16	6	75
3	17	5.8	76
3	18	5.7	77
3	19	6.4	78
3	20	6.5	79
3	21	6.9	80
3	22	7.7	81
3	23	8.2	82
3	24	8.1	83
3	25	8	84
3	26	7.7	85
3	27	8.3	86
3	28	9.1	87
3	29	8.7	88
3	30	8.3	89
3	31	7.6	90
4	1	7.4	91
4	2	6.9	92
4	3	7.3	93
4	4	7.4	94
4	5	7.7	95
4	6	7.5	96
4	7	7.8	97
4	8	8	98
4	9	7.9	99
4	10	7.5	100
4	11	7.7	101
4	12	7.9	102
4	13	7.9	103
4	14	7.8	104
4	15	7	105
4	16	6.5	106
4	17	7.1	107
4	18	8	108
4	19	9.3	109
4	20	10.2	110
4	21	10.2	111
4	22	8.9	112
4	23	9.5	113
4	24	10.7	114
4	25	10.1	115
4	26	10	116
4	27	9.7	117
4	28	11.2	118
4	29	11.1	119
4	30	9.4	120
5	1	10.1	121
5	2	10.2	122
5	3	10.1	123
5	4	10.4	124
5	5	10.3	125
5	6	9.6	126
5	7	9.7	127
5	8	9.1	128
5	9	9.3	129
5	10	10.2	130
5	11	10.7	131
5	12	10.4	132
5	13	10	133
5	14	11.4	134
5	15	11.7	135
5	16	12.7	136
5	17	12.6	137
5	18	12.1	138
5	19	11.6	139
5	20	11.1	140
5	21	10.7	141
5	22	11.2	142
5	23	12.3	143
5	24	11.7	144
5	25	11.8	145
5	26	12.3	146
5	27	11.1	147
5	28	13.2	148
5	29	13.9	149
5	30	14.3	150
5	31	14	151
6	1	13.8	152
6	2	13.7	153
6	3	13.7	154
6	4	13.6	155
6	5	13.8	156
6	6	13.1	157
6	7	13.6	158
6	8	13.7	159
6	9	13.5	160
6	10	14.1	161
6	11	14.2	162
6	12	14.5	163
6	13	13.7	164
6	14	13.8	165
6	15	13.7	166
6	16	14.3	167
6	17	14.4	168
6	18	14.4	169
6	19	14.7	170
6	20	15.3	171
6	21	15.1	172
6	22	15.2	173
6	23	15.4	174
6	24	16.4	175
6	25	16.9	176
6	26	17.6	177
6	27	17.1	178
6	28	16.4	179
6	29	16.9	180
6	30	16.4	181
7	1	17.2	182
7	2	17.2	183
7	3	17.2	184
7	4	18.2	185
7	5	18.2	186
7	6	16.3	187
7	7	15.9	188
7	8	16.6	189
7	9	16.6	190
7	10	16.9	191
7	11	17	192
7	12	17.1	193
7	13	17.1	194
7	14	17.2	195
7	15	18	196
7	16	18.4	197
7	17	18.2	198
7	18	17.5	199
7	19	17.9	200
7	20	18.1	201
7	21	18.1	202
7	22	17.9	203
7	23	17.6	204
7	24	18.4	205
7	25	18.2	206
7	26	18.6	207
7	27	19.1	208
7	28	19.6	209
7	29	18.3	210
7	30	18.2	211
7	31	18.5	212
8	1	18.1	213
8	2	17.9	214
8	3	17.7	215
8	4	17.7	216
8	5	18	217
8	6	18.5	218
8	7	19.3	219
8	8	19.4	220
8	9	19.4	221
8	10	19.3	222
8	11	19.5	223
8	12	19.5	224
8	13	19.6	225
8	14	19.3	226
8	15	19.6	227
8	16	20.3	228
8	17	20.1	229
8	18	20	230
8	19	19.6	231
8	20	19.6	232
8	21	19.8	233
8	22	19.9	234
8	23	19.3	235
8	24	19	236
8	25	18.6	237
8	26	18.6	238
8	27	19	239
8	28	18.6	240
8	29	18.6	241
8	30	17.6	242
8	31	17.7	243
9	1	17.7	244
9	2	17.5	245
9	3	17.2	246
9	4	17.4	247
9	5	17.5	248
9	6	17.4	249
9	7	17.5	250
9	8	17.7	251
9	9	17.4	252
9	10	16.4	253
9	11	16.5	254
9	12	17	255
9	13	17	256
9	14	17.2	257
9	15	17.2	258
9	16	16.6	259
9	17	15.9	260
9	18	16.1	261
9	19	16.5	262
9	20	15.9	263
9	21	14.9	264
9	22	14.6	265
9	23	14.8	266
9	24	14.8	267
9	25	15	268
9	26	15.3	269
9	27	15.8	270
9	28	15.8	271
9	29	15.6	272
9	30	15.9	273
10	1	14.9	274
10	2	14.2	275
10	3	13.7	276
10	4	13.6	277
10	5	13.9	278
10	6	14.1	279
10	7	13.6	280
10	8	13	281
10	9	12.8	282
10	10	12.2	283
10	11	12.4	284
10	12	12.6	285
10	13	13	286
10	14	13	287
10	15	13.3	288
10	16	12.5	289
10	17	12.6	290
10	18	12.4	291
10	19	12.4	292
10	20	12	293
10	21	11.3	294
10	22	10.6	295
10	23	9.8	296
10	24	9.6	297
10	25	9.4	298
10	26	10	299
10	27	9.7	300
10	28	9.7	301
10	29	9.6	302
10	30	8.6	303
10	31	9.2	304
11	1	9.6	305
11	2	7.9	306
11	3	7.2	307
11	4	6.6	308
11	5	7.3	309
11	6	6.5	310
11	7	6.3	311
11	8	6.4	312
11	9	6.9	313
11	10	7	314
11	11	6.3	315
11	12	6.1	316
11	13	6.6	317
11	14	6.5	318
11	15	5.5	319
11	16	5.9	320
11	17	4.9	321
11	18	4.5	322
11	19	5.1	323
11	20	5.4	324
11	21	5.5	325
11	22	5.3	326
11	23	5.1	327
11	24	4.8	328
11	25	4.4	329
11	26	3.7	330
11	27	2.9	331
11	28	2.5	332
11	29	2.8	333
11	30	2	334
12	1	1.7	335
12	2	1.8	336
12	3	1.8	337
12	4	1.1	338
12	5	0.8	339
12	6	1.7	340
12	7	3.7	341
12	8	3	342
12	9	2.9	343
12	10	2.7	344
12	11	2.2	345
12	12	1.8	346
12	13	1.7	347
12	14	1.1	348
12	15	1	349
12	16	1.2	350
12	17	0.1	351
12	18	0	352
12	19	0.2	353
12	20	0.6	354
12	21	0.8	355
12	22	1.2	356
12	23	0.9	357
12	24	0.7	358
12	25	1.9	359
12	26	3.3	360
12	27	3.5	361
12	28	3.5	362
12	29	2.8	363
12	30	3	364
12	31	3.2	365
